{
  "advancedEditorSelectedIdentifier" : "ProjectBrowser",
  "openSceneRelativePaths" : [
    "ImmersiveScene.usda"
  ],
  "recentIdentifiers" : {
    "25164C87-C9A8-476D-B867-A9F1E86AC00E" : [

    ],
    "6845451C-601B-44FD-AD6F-0318CC1BE2C1" : [

    ],
    "AF09ED6F-1707-48FD-8720-65B998362C09" : [

    ],
    "DF52BC93-52A8-46C2-9287-F30E671F1FBA" : [

    ]
  },
  "sceneCameraHistory" : {
    "9440EB42-D9F3-4C75-96A7-45B367DA8AE6" : [
      {
        "date" : 739839902.059163,
        "title" : "Untitled",
        "transform" : [
          0.99999994,
          0,
          -0,
          0,
          -0,
          0.86602587,
          -0.49999914,
          0,
          0,
          0.49999914,
          0.86602587,
          0,
          0,
          2.8301988,
          3.4775293,
          1
        ]
      }
    ],
    "25164C87-C9A8-476D-B867-A9F1E86AC00E" : [
      {
        "date" : 739762987.551555,
        "title" : "Untitled",
        "transform" : [
          0.999716,
          -4.9664817e-07,
          -0.023831746,
          0,
          -2.3908333e-06,
          0.99999994,
          -0.000121235964,
          0,
          0.023831744,
          0.0001212417,
          0.999716,
          0,
          0.02831879,
          0.5424992,
          2.9521935,
          1
        ]
      },
      {
        "date" : 739762973.300361,
        "title" : "Untitled",
        "transform" : [
          0.9999579,
          -4.966762e-07,
          -0.009178264,
          0,
          -0.0003626616,
          0.99921685,
          -0.039565764,
          0,
          0.009171094,
          0.039567415,
          0.99917483,
          0,
          -0.014549936,
          0.6655824,
          2.9225588,
          1
        ]
      },
      {
        "date" : 739762900.824659,
        "title" : "Untitled",
        "transform" : [
          0.9993641,
          -4.9667466e-07,
          -0.03565704,
          0,
          -0.0010854263,
          0.9995361,
          -0.030435361,
          0,
          0.03564051,
          0.0304547,
          0.9989005,
          0,
          0.06272429,
          0.63895226,
          2.9182947,
          1
        ]
      },
      {
        "date" : 739762885.369258,
        "title" : "Untitled",
        "transform" : [
          0.9988892,
          -4.963299e-07,
          0.047117814,
          0,
          -0.008265062,
          0.98449314,
          0.17522824,
          0,
          -0.046387263,
          -0.17542304,
          0.9833997,
          0,
          -0.1821008,
          0.026064286,
          2.982415,
          1
        ]
      },
      {
        "date" : 739742595.61917,
        "title" : "Untitled",
        "transform" : [
          0.95879936,
          -4.962669e-07,
          -0.28408387,
          0,
          -0.014929707,
          0.998618,
          -0.050390363,
          0,
          0.2836913,
          0.052555535,
          0.9574743,
          0,
          1.4118592,
          1.1513348,
          2.5631359,
          1
        ]
      },
      {
        "date" : 739742535.401429,
        "title" : "Untitled",
        "transform" : [
          0.95879936,
          -4.962669e-07,
          -0.28408387,
          0,
          -0.014929707,
          0.998618,
          -0.050390363,
          0,
          0.2836913,
          0.052555535,
          0.9574743,
          0,
          1.4118592,
          1.1513348,
          2.5631359,
          1
        ]
      },
      {
        "date" : 739742493.412875,
        "title" : "Untitled",
        "transform" : [
          0.95879936,
          -4.962669e-07,
          -0.28408387,
          0,
          -0.014929707,
          0.998618,
          -0.050390363,
          0,
          0.2836913,
          0.052555535,
          0.9574743,
          0,
          0.87269175,
          1.3011273,
          2.7146652,
          1
        ]
      },
      {
        "date" : 739742492.288664,
        "title" : "Untitled",
        "transform" : [
          0.95879936,
          -4.962669e-07,
          -0.28408387,
          0,
          -0.014929707,
          0.998618,
          -0.050390363,
          0,
          0.2836913,
          0.052555535,
          0.9574743,
          0,
          0.87269175,
          1.3011273,
          2.7146652,
          1
        ]
      },
      {
        "date" : 739742469.346099,
        "title" : "Untitled",
        "transform" : [
          0.95879936,
          -4.962669e-07,
          -0.28408387,
          0,
          -0.014929707,
          0.998618,
          -0.050390363,
          0,
          0.2836913,
          0.052555535,
          0.9574743,
          0,
          0.87269175,
          1.3011273,
          2.7146652,
          1
        ]
      },
      {
        "date" : 739742467.99636,
        "title" : "Untitled",
        "transform" : [
          0.95879936,
          -4.962669e-07,
          -0.28408387,
          0,
          -0.014929707,
          0.998618,
          -0.050390363,
          0,
          0.2836913,
          0.052555535,
          0.9574743,
          0,
          0.87269175,
          1.3011273,
          2.7146652,
          1
        ]
      }
    ],
    "6845451C-601B-44FD-AD6F-0318CC1BE2C1" : [
      {
        "date" : 739743791.391698,
        "title" : "Untitled",
        "transform" : [
          0.9836794,
          -0.00062085805,
          0.17992909,
          0,
          0.112707,
          0.78162885,
          -0.6134765,
          0,
          -0.14025688,
          0.6237434,
          0.7689422,
          0,
          0,
          1.8287902,
          1.8287904,
          1
        ]
      },
      {
        "date" : 739743742.868818,
        "title" : "Untitled",
        "transform" : [
          0.9996797,
          -1.5285206e-10,
          -0.025307614,
          0,
          -0.002049263,
          0.9967162,
          -0.080948226,
          0,
          0.025224514,
          0.08097415,
          0.99639696,
          0,
          0.065238155,
          0.20942357,
          2.5769813,
          1
        ]
      },
      {
        "date" : 739743729.042748,
        "title" : "Untitled",
        "transform" : [
          0.9999327,
          -1.5365109e-10,
          0.0116009,
          0,
          0.0018066909,
          0.98779863,
          -0.15572663,
          0,
          -0.011459352,
          0.15573709,
          0.9877321,
          0,
          -0.029637326,
          0.40278295,
          2.5545714,
          1
        ]
      },
      {
        "date" : 739743721.352844,
        "title" : "Untitled",
        "transform" : [
          0.9978327,
          -3.1183944e-11,
          0.065802485,
          0,
          -0.0032331562,
          0.99879223,
          0.04902777,
          0,
          -0.065723,
          -0.04913426,
          0.99662745,
          0,
          -0.0057233986,
          0.0016753712,
          3.9055686,
          1
        ]
      },
      {
        "date" : 739743716.722166,
        "title" : "Untitled",
        "transform" : [
          0.9978327,
          7.062246e-07,
          0.065802485,
          0,
          -0.003233859,
          0.9987922,
          0.049027726,
          0,
          -0.065723,
          -0.04913426,
          0.99662745,
          0,
          -0.012814879,
          0.0037512137,
          8.744702,
          1
        ]
      },
      {
        "date" : 739743714.753047,
        "title" : "Untitled",
        "transform" : [
          0.9978327,
          7.062246e-07,
          0.065802485,
          0,
          -0.003233859,
          0.9987922,
          0.049027726,
          0,
          -0.065723,
          -0.04913426,
          0.99662745,
          0,
          -0.012814879,
          0.0037512137,
          8.744702,
          1
        ]
      },
      {
        "date" : 739743706.03397,
        "title" : "Untitled",
        "transform" : [
          0.9978327,
          7.062246e-07,
          0.065802485,
          0,
          -0.003233859,
          0.9987922,
          0.049027726,
          0,
          -0.065723,
          -0.04913426,
          0.99662745,
          0,
          -0.012814879,
          0.0037512137,
          8.744702,
          1
        ]
      },
      {
        "date" : 739743699.507075,
        "title" : "Untitled",
        "transform" : [
          0.94880146,
          7.062629e-07,
          0.31587312,
          0,
          0.015677903,
          0.99876744,
          -0.04709461,
          0,
          -0.3154838,
          0.049635656,
          0.9476319,
          0,
          -1.7491469,
          0.663186,
          8.768534,
          1
        ]
      },
      {
        "date" : 739743683.519706,
        "title" : "Untitled",
        "transform" : [
          0.8306186,
          7.751716e-10,
          0.55684173,
          0,
          0.020646133,
          0.99931246,
          -0.030797018,
          0,
          -0.5564589,
          0.037077203,
          0.83004755,
          0,
          -1.7491469,
          0.663186,
          8.768534,
          1
        ]
      },
      {
        "date" : 739743675.171166,
        "title" : "Untitled",
        "transform" : [
          0.9937548,
          3.7705744e-10,
          0.11158631,
          0,
          0.0054017156,
          0.9988277,
          -0.04810609,
          0,
          -0.1114555,
          0.04840841,
          0.9925898,
          0,
          2.4878874,
          0.75679266,
          8.580454,
          1
        ]
      }
    ],
    "AF09ED6F-1707-48FD-8720-65B998362C09" : [
      {
        "date" : 739742179.941704,
        "title" : "Untitled",
        "transform" : [
          1,
          0,
          -0,
          0,
          -0,
          0.86602443,
          -0.5000016,
          0,
          0,
          0.5000016,
          0.86602443,
          0,
          0,
          3.7224424,
          4.33012,
          1
        ]
      }
    ],
    "DF52BC93-52A8-46C2-9287-F30E671F1FBA" : [
      {
        "date" : 740164348.573496,
        "title" : "Untitled",
        "transform" : [
          0.95929414,
          1.1829614e-09,
          -0.28240886,
          0,
          -0.105753206,
          0.9272396,
          -0.35922542,
          0,
          0.26186058,
          0.37446856,
          0.8894956,
          0,
          0.4365457,
          1.729133,
          0.29947123,
          1
        ]
      },
      {
        "date" : 740163494.468027,
        "title" : "Untitled",
        "transform" : [
          0.959294,
          1.1829613e-09,
          -0.28240883,
          0,
          -0.105753206,
          0.9272396,
          -0.35922542,
          0,
          0.26186058,
          0.37446856,
          0.8894956,
          0,
          -0.05281031,
          1.0293382,
          -1.3627872,
          1
        ]
      },
      {
        "date" : 740163485.94371,
        "title" : "Untitled",
        "transform" : [
          0.999794,
          1.3776593e-09,
          -0.020293532,
          0,
          -0.004107101,
          0.979306,
          -0.20234329,
          0,
          0.019873487,
          0.20238504,
          0.9791044,
          0,
          -0.6531805,
          1.2162459,
          2.076155,
          1
        ]
      },
      {
        "date" : 740163396.10669,
        "title" : "Untitled",
        "transform" : [
          0.98421615,
          1.2899459e-09,
          -0.17697024,
          0,
          -0.044155203,
          0.9683731,
          -0.24556825,
          0,
          0.17137314,
          0.24950647,
          0.9530886,
          0,
          -0.08347612,
          1.386642,
          2.2019987,
          1
        ]
      },
      {
        "date" : 740163389.252504,
        "title" : "Untitled",
        "transform" : [
          0.98087764,
          1.3338819e-09,
          -0.19462529,
          0,
          -0.056213893,
          0.95737994,
          -0.2833083,
          0,
          0.18633026,
          0.28883147,
          0.93907255,
          0,
          -0.039374687,
          1.475026,
          2.225944,
          1
        ]
      },
      {
        "date" : 740162479.266404,
        "title" : "Untitled",
        "transform" : [
          0.98087764,
          1.3338819e-09,
          -0.19462529,
          0,
          -0.056213893,
          0.95737994,
          -0.2833083,
          0,
          0.18633026,
          0.28883147,
          0.93907255,
          0,
          -0.07146991,
          1.4224553,
          2.078925,
          1
        ]
      },
      {
        "date" : 740064878.945233,
        "title" : "Untitled",
        "transform" : [
          0.98087764,
          1.3338819e-09,
          -0.19462529,
          0,
          -0.056213893,
          0.95737994,
          -0.2833083,
          0,
          0.18633026,
          0.28883147,
          0.93907255,
          0,
          -0.07220453,
          1.4370764,
          2.1259904,
          1
        ]
      },
      {
        "date" : 740064840.295234,
        "title" : "Untitled",
        "transform" : [
          0.29081035,
          1.3312165e-09,
          0.9567806,
          0,
          0.29054448,
          0.9527776,
          -0.08831004,
          0,
          -0.9115992,
          0.30366886,
          0.27707753,
          0,
          -2.3856015,
          1.4772532,
          -0.76709545,
          1
        ]
      },
      {
        "date" : 740064816.025801,
        "title" : "Untitled",
        "transform" : [
          0.9801039,
          1.1698709e-10,
          0.19848491,
          0,
          0.026572432,
          0.9909981,
          -0.13121268,
          0,
          -0.19669822,
          0.13387632,
          0.97128105,
          0,
          -1.1311704,
          1.008451,
          1.9410719,
          1
        ]
      },
      {
        "date" : 740064810.076464,
        "title" : "Untitled",
        "transform" : [
          0.9801039,
          1.1698709e-10,
          0.19848491,
          0,
          0.026572432,
          0.9909981,
          -0.13121268,
          0,
          -0.19669822,
          0.13387632,
          0.97128105,
          0,
          -0.77335405,
          0.7649146,
          0.1742003,
          1
        ]
      }
    ]
  },
  "selectedSceneRelativePath" : "ImmersiveScene.usda"
}