{
  "advancedEditorSelectedIdentifier" : "ProjectBrowser",
  "openSceneRelativePaths" : [
    "ImmersiveScene.usda"
  ],
  "recentIdentifiers" : {
    "25164C87-C9A8-476D-B867-A9F1E86AC00E" : [

    ],
    "6845451C-601B-44FD-AD6F-0318CC1BE2C1" : [

    ],
    "AF09ED6F-1707-48FD-8720-65B998362C09" : [

    ],
    "DF52BC93-52A8-46C2-9287-F30E671F1FBA" : [

    ]
  },
  "sceneCameraHistory" : {
    "9440EB42-D9F3-4C75-96A7-45B367DA8AE6" : [
      {
        "date" : 739839902.059163,
        "title" : "Untitled",
        "transform" : [
          0.99999994,
          0,
          -0,
          0,
          -0,
          0.86602587,
          -0.49999914,
          0,
          0,
          0.49999914,
          0.86602587,
          0,
          0,
          2.8301988,
          3.4775293,
          1
        ]
      }
    ],
    "25164C87-C9A8-476D-B867-A9F1E86AC00E" : [
      {
        "date" : 739762987.551555,
        "title" : "Untitled",
        "transform" : [
          0.999716,
          -4.9664817e-07,
          -0.023831746,
          0,
          -2.3908333e-06,
          0.99999994,
          -0.000121235964,
          0,
          0.023831744,
          0.0001212417,
          0.999716,
          0,
          0.02831879,
          0.5424992,
          2.9521935,
          1
        ]
      },
      {
        "date" : 739762973.300361,
        "title" : "Untitled",
        "transform" : [
          0.9999579,
          -4.966762e-07,
          -0.009178264,
          0,
          -0.0003626616,
          0.99921685,
          -0.039565764,
          0,
          0.009171094,
          0.039567415,
          0.99917483,
          0,
          -0.014549936,
          0.6655824,
          2.9225588,
          1
        ]
      },
      {
        "date" : 739762900.824659,
        "title" : "Untitled",
        "transform" : [
          0.9993641,
          -4.9667466e-07,
          -0.03565704,
          0,
          -0.0010854263,
          0.9995361,
          -0.030435361,
          0,
          0.03564051,
          0.0304547,
          0.9989005,
          0,
          0.06272429,
          0.63895226,
          2.9182947,
          1
        ]
      },
      {
        "date" : 739762885.369258,
        "title" : "Untitled",
        "transform" : [
          0.9988892,
          -4.963299e-07,
          0.047117814,
          0,
          -0.008265062,
          0.98449314,
          0.17522824,
          0,
          -0.046387263,
          -0.17542304,
          0.9833997,
          0,
          -0.1821008,
          0.026064286,
          2.982415,
          1
        ]
      },
      {
        "date" : 739742595.61917,
        "title" : "Untitled",
        "transform" : [
          0.95879936,
          -4.962669e-07,
          -0.28408387,
          0,
          -0.014929707,
          0.998618,
          -0.050390363,
          0,
          0.2836913,
          0.052555535,
          0.9574743,
          0,
          1.4118592,
          1.1513348,
          2.5631359,
          1
        ]
      },
      {
        "date" : 739742535.401429,
        "title" : "Untitled",
        "transform" : [
          0.95879936,
          -4.962669e-07,
          -0.28408387,
          0,
          -0.014929707,
          0.998618,
          -0.050390363,
          0,
          0.2836913,
          0.052555535,
          0.9574743,
          0,
          1.4118592,
          1.1513348,
          2.5631359,
          1
        ]
      },
      {
        "date" : 739742493.412875,
        "title" : "Untitled",
        "transform" : [
          0.95879936,
          -4.962669e-07,
          -0.28408387,
          0,
          -0.014929707,
          0.998618,
          -0.050390363,
          0,
          0.2836913,
          0.052555535,
          0.9574743,
          0,
          0.87269175,
          1.3011273,
          2.7146652,
          1
        ]
      },
      {
        "date" : 739742492.288664,
        "title" : "Untitled",
        "transform" : [
          0.95879936,
          -4.962669e-07,
          -0.28408387,
          0,
          -0.014929707,
          0.998618,
          -0.050390363,
          0,
          0.2836913,
          0.052555535,
          0.9574743,
          0,
          0.87269175,
          1.3011273,
          2.7146652,
          1
        ]
      },
      {
        "date" : 739742469.346099,
        "title" : "Untitled",
        "transform" : [
          0.95879936,
          -4.962669e-07,
          -0.28408387,
          0,
          -0.014929707,
          0.998618,
          -0.050390363,
          0,
          0.2836913,
          0.052555535,
          0.9574743,
          0,
          0.87269175,
          1.3011273,
          2.7146652,
          1
        ]
      },
      {
        "date" : 739742467.99636,
        "title" : "Untitled",
        "transform" : [
          0.95879936,
          -4.962669e-07,
          -0.28408387,
          0,
          -0.014929707,
          0.998618,
          -0.050390363,
          0,
          0.2836913,
          0.052555535,
          0.9574743,
          0,
          0.87269175,
          1.3011273,
          2.7146652,
          1
        ]
      }
    ],
    "6845451C-601B-44FD-AD6F-0318CC1BE2C1" : [
      {
        "date" : 739743791.391698,
        "title" : "Untitled",
        "transform" : [
          0.9836794,
          -0.00062085805,
          0.17992909,
          0,
          0.112707,
          0.78162885,
          -0.6134765,
          0,
          -0.14025688,
          0.6237434,
          0.7689422,
          0,
          0,
          1.8287902,
          1.8287904,
          1
        ]
      },
      {
        "date" : 739743742.868818,
        "title" : "Untitled",
        "transform" : [
          0.9996797,
          -1.5285206e-10,
          -0.025307614,
          0,
          -0.002049263,
          0.9967162,
          -0.080948226,
          0,
          0.025224514,
          0.08097415,
          0.99639696,
          0,
          0.065238155,
          0.20942357,
          2.5769813,
          1
        ]
      },
      {
        "date" : 739743729.042748,
        "title" : "Untitled",
        "transform" : [
          0.9999327,
          -1.5365109e-10,
          0.0116009,
          0,
          0.0018066909,
          0.98779863,
          -0.15572663,
          0,
          -0.011459352,
          0.15573709,
          0.9877321,
          0,
          -0.029637326,
          0.40278295,
          2.5545714,
          1
        ]
      },
      {
        "date" : 739743721.352844,
        "title" : "Untitled",
        "transform" : [
          0.9978327,
          -3.1183944e-11,
          0.065802485,
          0,
          -0.0032331562,
          0.99879223,
          0.04902777,
          0,
          -0.065723,
          -0.04913426,
          0.99662745,
          0,
          -0.0057233986,
          0.0016753712,
          3.9055686,
          1
        ]
      },
      {
        "date" : 739743716.722166,
        "title" : "Untitled",
        "transform" : [
          0.9978327,
          7.062246e-07,
          0.065802485,
          0,
          -0.003233859,
          0.9987922,
          0.049027726,
          0,
          -0.065723,
          -0.04913426,
          0.99662745,
          0,
          -0.012814879,
          0.0037512137,
          8.744702,
          1
        ]
      },
      {
        "date" : 739743714.753047,
        "title" : "Untitled",
        "transform" : [
          0.9978327,
          7.062246e-07,
          0.065802485,
          0,
          -0.003233859,
          0.9987922,
          0.049027726,
          0,
          -0.065723,
          -0.04913426,
          0.99662745,
          0,
          -0.012814879,
          0.0037512137,
          8.744702,
          1
        ]
      },
      {
        "date" : 739743706.03397,
        "title" : "Untitled",
        "transform" : [
          0.9978327,
          7.062246e-07,
          0.065802485,
          0,
          -0.003233859,
          0.9987922,
          0.049027726,
          0,
          -0.065723,
          -0.04913426,
          0.99662745,
          0,
          -0.012814879,
          0.0037512137,
          8.744702,
          1
        ]
      },
      {
        "date" : 739743699.507075,
        "title" : "Untitled",
        "transform" : [
          0.94880146,
          7.062629e-07,
          0.31587312,
          0,
          0.015677903,
          0.99876744,
          -0.04709461,
          0,
          -0.3154838,
          0.049635656,
          0.9476319,
          0,
          -1.7491469,
          0.663186,
          8.768534,
          1
        ]
      },
      {
        "date" : 739743683.519706,
        "title" : "Untitled",
        "transform" : [
          0.8306186,
          7.751716e-10,
          0.55684173,
          0,
          0.020646133,
          0.99931246,
          -0.030797018,
          0,
          -0.5564589,
          0.037077203,
          0.83004755,
          0,
          -1.7491469,
          0.663186,
          8.768534,
          1
        ]
      },
      {
        "date" : 739743675.171166,
        "title" : "Untitled",
        "transform" : [
          0.9937548,
          3.7705744e-10,
          0.11158631,
          0,
          0.0054017156,
          0.9988277,
          -0.04810609,
          0,
          -0.1114555,
          0.04840841,
          0.9925898,
          0,
          2.4878874,
          0.75679266,
          8.580454,
          1
        ]
      }
    ],
    "AF09ED6F-1707-48FD-8720-65B998362C09" : [
      {
        "date" : 739742179.941704,
        "title" : "Untitled",
        "transform" : [
          1,
          0,
          -0,
          0,
          -0,
          0.86602443,
          -0.5000016,
          0,
          0,
          0.5000016,
          0.86602443,
          0,
          0,
          3.7224424,
          4.33012,
          1
        ]
      }
    ],
    "DF52BC93-52A8-46C2-9287-F30E671F1FBA" : [
      {
        "date" : 739848028.052128,
        "title" : "Untitled",
        "transform" : [
          0.99994403,
          1.12369725e-10,
          -0.010587556,
          0,
          -0.003571113,
          0.94139963,
          -0.33727452,
          0,
          0.00996712,
          0.33729342,
          0.9413468,
          0,
          0.74014294,
          2.581935,
          3.4949076,
          1
        ]
      },
      {
        "date" : 739847837.958503,
        "title" : "Untitled",
        "transform" : [
          0.99994403,
          1.12369725e-10,
          -0.010587556,
          0,
          -0.003571113,
          0.94139963,
          -0.33727452,
          0,
          0.00996712,
          0.33729342,
          0.9413468,
          0,
          0.74014294,
          2.581935,
          3.4949076,
          1
        ]
      },
      {
        "date" : 739847836.473808,
        "title" : "Untitled",
        "transform" : [
          0.99994403,
          1.12369725e-10,
          -0.010587556,
          0,
          -0.003571113,
          0.94139963,
          -0.33727452,
          0,
          0.00996712,
          0.33729342,
          0.9413468,
          0,
          0.1903702,
          2.5301573,
          3.5192802,
          1
        ]
      },
      {
        "date" : 739847751.78828,
        "title" : "Untitled",
        "transform" : [
          0.99994403,
          1.12369725e-10,
          -0.010587556,
          0,
          -0.003571113,
          0.94139963,
          -0.33727452,
          0,
          0.00996712,
          0.33729342,
          0.9413468,
          0,
          0.165735,
          1.6964923,
          1.1926125,
          1
        ]
      },
      {
        "date" : 739847744.539012,
        "title" : "Untitled",
        "transform" : [
          0.99994403,
          1.12369725e-10,
          -0.010587556,
          0,
          -0.003571113,
          0.94139963,
          -0.33727452,
          0,
          0.00996712,
          0.33729342,
          0.9413468,
          0,
          0.165735,
          1.6964923,
          1.1926125,
          1
        ]
      },
      {
        "date" : 739847741.137013,
        "title" : "Untitled",
        "transform" : [
          0.99994403,
          1.12369725e-10,
          -0.010587556,
          0,
          -0.003571113,
          0.94139963,
          -0.33727452,
          0,
          0.00996712,
          0.33729342,
          0.9413468,
          0,
          1.2457819,
          1.6682506,
          1.1912963,
          1
        ]
      },
      {
        "date" : 739847739.355382,
        "title" : "Untitled",
        "transform" : [
          0.99994403,
          1.12369725e-10,
          -0.010587556,
          0,
          -0.003571113,
          0.94139963,
          -0.33727452,
          0,
          0.00996712,
          0.33729342,
          0.9413468,
          0,
          1.2457819,
          1.6682506,
          1.1912963,
          1
        ]
      },
      {
        "date" : 739847725.859198,
        "title" : "Untitled",
        "transform" : [
          0.99994403,
          1.12369725e-10,
          -0.010587556,
          0,
          -0.003571113,
          0.94139963,
          -0.33727452,
          0,
          0.00996712,
          0.33729342,
          0.9413468,
          0,
          1.2457819,
          1.6682506,
          1.1912963,
          1
        ]
      },
      {
        "date" : 739847703.969711,
        "title" : "Untitled",
        "transform" : [
          0.99994403,
          1.12369725e-10,
          -0.010587556,
          0,
          -0.003571113,
          0.94139963,
          -0.33727452,
          0,
          0.00996712,
          0.33729342,
          0.9413468,
          0,
          1.2457819,
          1.6682506,
          1.1912963,
          1
        ]
      },
      {
        "date" : 739847684.509993,
        "title" : "Untitled",
        "transform" : [
          0.99994403,
          1.12369725e-10,
          -0.010587556,
          0,
          -0.003571113,
          0.94139963,
          -0.33727452,
          0,
          0.00996712,
          0.33729342,
          0.9413468,
          0,
          1.2457819,
          1.6682506,
          1.1912963,
          1
        ]
      }
    ]
  },
  "selectedSceneRelativePath" : "ImmersiveScene.usda"
}